teleportenabled: true
teleportauto: false
godmode: false
muted: false
jailed: false
ip-address: 127.0.0.1
afk: false
socialspy: false
npc: false
powertoolsenabled: true
accepting-pay: true
baltop-exempt: false
timestamps:
  lastteleport: 1712892927594
  lastheal: 0
  mute: 0
  jail: 0
  onlinejail: 0
  logout: 1712988467905
  login: 1712988447495
  kits:
    dtools: 1712548387186
    vip: 1712632879024
money: '0'
last-account-name: AshOficialMC
logoutlocation:
  world: 1eb111d1-aa33-4651-8990-dab808d79c7c
  world-name: world
  x: 235.62588233396036
  y: 81.0
  z: 365.974062562063
  yaw: 95.6534423828125
  pitch: 18.347694396972656
lastlocation:
  world: 1eb111d1-aa33-4651-8990-dab808d79c7c
  world-name: world
  x: -481.97164955310666
  y: 63.0
  z: -188.42592584923588
  yaw: -109.15969848632812
  pitch: 27.56794548034668
homes:
  casanew:
    world: 1eb111d1-aa33-4651-8990-dab808d79c7c
    world-name: world
    x: 794.3472310273008
    y: 192.0
    z: 1378.932340373052
    yaw: -169.8661346435547
    pitch: 40.57443618774414
  aldeav2:
    world: 287db805-6b92-4efa-91a5-b0e2d9adb70f
    world-name: world
    x: 1176.3831418871766
    y: 88.0
    z: 962.0492819032115
    yaw: -24.258544921875
    pitch: 13.864522933959961
  acity:
    world: 287db805-6b92-4efa-91a5-b0e2d9adb70f
    world-name: world
    x: -1465.5
    y: -52.0
    z: 2027.5
    yaw: -85.726318359375
    pitch: 15.795528411865234
